321981.000000
322131.000000
322281.000000
322431.000000
322581.000000
322731.000000
322881.000000
323031.000000
323181.000000
323331.000000
323481.000000
323631.000000
323781.000000
323931.000000
324081.000000
324231.000000
324381.000000
324531.000000
324681.000000
324831.000000
324981.000000
325131.000000
325281.000000
325431.000000
325581.000000
325731.000000
325881.000000
326031.000000
326181.000000
326331.000000
326481.000000
326631.000000
326781.000000
326931.000000
327081.000000
327231.000000
327381.000000
327531.000000
327681.000000
327831.000000
327981.000000
328131.000000
328281.000000
328431.000000
328581.000000
328731.000000
328881.000000
329031.000000
329181.000000
329331.000000
329481.000000
329631.000000
329781.000000
329931.000000
330081.000000
330231.000000
330381.000000
330531.000000
330681.000000
330831.000000
330981.000000
331131.000000
331281.000000
331431.000000
331581.000000
331731.000000
331881.000000
332031.000000
332181.000000
332331.000000
332481.000000
332631.000000
332781.000000
332931.000000
333081.000000
333231.000000
333381.000000
333531.000000
333681.000000
333831.000000
333981.000000
334131.000000
334281.000000
334431.000000
334581.000000
334731.000000
334881.000000
335031.000000
335181.000000
335331.000000
335481.000000
335631.000000
335781.000000
335931.000000
336081.000000
336231.000000
336381.000000
336531.000000
336681.000000
336831.000000
336981.000000
337131.000000
337281.000000
337431.000000
337581.000000
337731.000000
337881.000000
338031.000000
338181.000000
338331.000000
338481.000000
338631.000000
338781.000000
338931.000000
339081.000000
339231.000000
339381.000000
339531.000000
339681.000000
339831.000000
339981.000000
340131.000000
340281.000000
340431.000000
340581.000000
340731.000000
340881.000000
341031.000000
341181.000000
341331.000000
341481.000000
341631.000000
341781.000000
341931.000000
342081.000000
342231.000000
342381.000000
342531.000000
342681.000000
342831.000000
342981.000000
343131.000000
343281.000000
343431.000000
343581.000000
343731.000000
343881.000000
344031.000000
344181.000000
344331.000000
344481.000000
344631.000000
344781.000000
344931.000000
345081.000000
345231.000000
345381.000000
345531.000000
345681.000000
345831.000000
345981.000000
346131.000000
346281.000000
346431.000000
346581.000000
346731.000000
346881.000000
347031.000000
347181.000000
347331.000000
347481.000000
347631.000000
347781.000000
347931.000000
348081.000000
348231.000000
348381.000000
348531.000000
348681.000000
348831.000000
348981.000000
349131.000000
349281.000000
349431.000000
349581.000000
349731.000000
349881.000000
350031.000000
350181.000000
350331.000000
350481.000000
350631.000000
350781.000000
350931.000000
351081.000000
351231.000000
351381.000000
351531.000000
351681.000000
351831.000000
351981.000000
352131.000000
352281.000000
352431.000000
352581.000000
352731.000000
352881.000000
353031.000000
353181.000000
353331.000000
353481.000000
353631.000000
353781.000000
353931.000000
354081.000000
354231.000000
354381.000000
354531.000000
354681.000000
354831.000000
354981.000000
355131.000000
355281.000000
355431.000000
355581.000000
355731.000000
355881.000000
356031.000000
356181.000000
356331.000000
356481.000000
356631.000000
356781.000000
356931.000000
357081.000000
357231.000000
357381.000000
357531.000000
357681.000000
357831.000000
357981.000000
358131.000000
358281.000000
358431.000000
358581.000000
358731.000000
358881.000000
359031.000000
359181.000000
