4147425.000000
4147275.000000
4147125.000000
4146975.000000
4146825.000000
4146675.000000
4146525.000000
4146375.000000
4146225.000000
4146075.000000
4145925.000000
4145775.000000
4145625.000000
4145475.000000
4145325.000000
4145175.000000
4145025.000000
4144875.000000
4144725.000000
4144575.000000
4144425.000000
4144275.000000
4144125.000000
4143975.000000
4143825.000000
4143675.000000
4143525.000000
4143375.000000
4143225.000000
4143075.000000
4142925.000000
4142775.000000
4142625.000000
4142475.000000
4142325.000000
4142175.000000
4142025.000000
4141875.000000
4141725.000000
4141575.000000
4141425.000000
4141275.000000
4141125.000000
4140975.000000
4140825.000000
4140675.000000
4140525.000000
4140375.000000
4140225.000000
4140075.000000
4139925.000000
4139775.000000
4139625.000000
4139475.000000
4139325.000000
4139175.000000
4139025.000000
4138875.000000
4138725.000000
4138575.000000
4138425.000000
4138275.000000
4138125.000000
4137975.000000
4137825.000000
4137675.000000
4137525.000000
4137375.000000
4137225.000000
4137075.000000
4136925.000000
4136775.000000
4136625.000000
4136475.000000
4136325.000000
4136175.000000
4136025.000000
4135875.000000
4135725.000000
4135575.000000
4135425.000000
4135275.000000
4135125.000000
4134975.000000
4134825.000000
4134675.000000
4134525.000000
4134375.000000
4134225.000000
4134075.000000
4133925.000000
4133775.000000
4133625.000000
4133475.000000
4133325.000000
4133175.000000
4133025.000000
4132875.000000
4132725.000000
4132575.000000
4132425.000000
4132275.000000
4132125.000000
4131975.000000
4131825.000000
4131675.000000
4131525.000000
4131375.000000
4131225.000000
4131075.000000
4130925.000000
4130775.000000
4130625.000000
4130475.000000
4130325.000000
4130175.000000
4130025.000000
4129875.000000
4129725.000000
4129575.000000
4129425.000000
4129275.000000
4129125.000000
4128975.000000
4128825.000000
4128675.000000
4128525.000000
4128375.000000
4128225.000000
4128075.000000
4127925.000000
4127775.000000
4127625.000000
4127475.000000
4127325.000000
4127175.000000
4127025.000000
4126875.000000
4126725.000000
4126575.000000
4126425.000000
4126275.000000
4126125.000000
4125975.000000
4125825.000000
4125675.000000
4125525.000000
4125375.000000
4125225.000000
4125075.000000
4124925.000000
4124775.000000
4124625.000000
4124475.000000
4124325.000000
4124175.000000
4124025.000000
4123875.000000
4123725.000000
4123575.000000
4123425.000000
4123275.000000
4123125.000000
